01 06 11 17 28 33 05
06 09 11 16 20 29 11
01 02 13 22 28 30 09
01 07 12 16 23 28 04
06 13 17 20 26 29 09
05 07 15 18 26 30 03
05 10 17 25 28 29 04
09 10 14 15 19 29 16
01 09 10 11 13 32 03
02 07 23 30 32 33 10
12 14 28 31 32 33 07
01 15 16 21 24 30 03
02 08 17 20 22 28 02
01 08 11 13 19 30 06
02 05 11 15 19 28 02
03 08 09 20 23 28 02
11 14 17 22 25 27 16
09 14 17 18 21 25 15
14 16 17 19 27 32 04
02 06 12 19 27 28 13
03 08 09 10 18 33 04
14 16 21 24 28 31 13
16 18 20 23 24 32 07
01 06 09 10 14 16 11
01 05 10 11 13 32 14
02 13 17 20 29 31 07
07 13 24 25 27 32 15
12 14 17 19 22 24 08
05 06 08 14 22 31 08
01 10 18 20 23 29 01
02 08 09 10 20 29 05
03 13 18 19 22 26 07
01 05 12 19 27 29 14
05 09 11 19 24 32 13
04 06 14 17 27 30 09
03 06 11 14 16 29 15
06 18 22 23 32 33 06
02 04 10 12 14 30 08
01 02 11 19 23 29 08
01 06 09 10 13 25 08
05 06 19 21 23 33 12
02 04 20 25 26 29 11
08 14 22 24 27 29 10
05 14 16 17 25 30 07
02 07 16 22 27 28 02
02 03 05 06 09 17 07
08 09 12 15 19 22 10
06 10 12 17 18 33 11
03 09 11 22 27 29 06
01 03 06 13 30 31 12
01 12 16 20 30 33 02
01 03 07 13 19 32 16
02 04 12 17 22 25 14
01 07 09 19 28 29 07
05 12 17 19 25 30 11
04 12 13 22 27 29 16
01 06 07 17 18 23 06
02 05 15 17 18 21 16
03 04 05 08 10 22 06
02 09 15 16 29 32 14
03 08 17 21 22 31 16
06 09 15 24 25 26 09
02 14 17 27 28 31 08
03 05 14 18 25 33 06
05 08 12 13 23 25 13
02 03 12 13 14 25 11
02 04 12 18 23 31 08
01 11 18 20 28 29 01
02 09 14 19 21 30 04
01 04 05 11 29 30 14
14 17 19 22 26 31 02
09 13 15 28 30 33 08
10 16 19 21 23 24 13
03 17 23 25 26 32 13
06 07 16 17 23 32 06
06 09 16 17 24 25 16
08 10 11 12 19 29 15
02 10 11 17 18 22 10
02 04 09 11 19 22 15
04 09 21 27 28 33 12
02 05 09 14 24 33 09
12 15 20 25 28 33 14
07 11 16 18 21 22 02
03 04 06 11 12 15 08
03 11 15 19 20 31 07
04 07 22 23 24 33 16
06 13 14 24 25 30 07
01 07 08 09 11 22 03
07 08 09 17 32 33 06
01 03 04 08 25 31 06
05 13 23 28 32 33 12
01 02 14 22 29 33 07
04 10 16 17 21 27 14
12 18 19 23 24 30 10
02 07 14 16 21 29 14
06 16 21 27 30 32 05
08 10 14 16 30 31 01
01 02 05 06 11 23 14
01 05 10 14 16 30 16
08 10 16 20 23 30 09
07 09 13 17 21 22 10
04 06 07 10 21 26 16
08 10 15 17 22 29 12
09 14 17 23 24 25 15
02 10 15 19 20 21 07
13 17 18 21 30 33 15
04 06 07 14 25 26 10
02 03 07 13 21 24 08
02 11 19 30 32 33 09
04 09 19 22 25 29 15
05 09 13 15 17 21 13
01 08 11 19 21 24 08
09 10 13 14 21 32 02
05 07 08 20 31 33 11
08 09 19 20 25 32 16
05 14 16 21 29 30 12
08 10 12 14 18 28 14
03 04 07 17 21 27 14
15 18 23 27 32 33 04
01 04 19 22 24 25 15
06 10 11 28 30 33 12
04 21 23 31 32 33 04
03 09 15 20 27 29 01
